
EPSILON | NUMPOINTS | RP | Construct T | Kernel T | Total T



 _______________ 32 _____ 512 ______1 ______________________





0.007600 515345 6 1.445248 6437 7.456739 9.086672 
0.009130 515345 6 1.376374 3456 12.084856 13.647242 
0.011334 515345 6 1.280382 1944 21.002761 22.464179 



0.005400 287999 6 0.850130 1614 1.667941 2.607508 
0.007020 287999 6 0.847309 577 3.110534 4.049786 
0.008358 287999 6 0.720679 308 5.311018 6.114093 



0.017030 5000000 6 4.957898 45078 151.146759 162.341330 
0.020780 5000000 6 5.291531 23323 286.882900 298.451933 
0.025555 5000000 6 5.083487 13882 501.154478 512.450013 

 _______________ 32 _____ 512 ______2 ______________________





0.007600 515345 6 1.519020 6437 7.042133 8.752337 
0.009130 515345 6 1.486700 3456 11.395749 13.067438 
0.011334 515345 6 1.064746 1944 22.049250 23.294963 



0.005400 287999 6 0.869009 1614 1.170061 2.127977 
0.007020 287999 6 0.857791 577 2.199734 3.146617 
0.008358 287999 6 0.846965 308 3.854103 4.789654 



0.017030 5000000 6 5.292618 45078 152.789889 164.451392 
0.020780 5000000 6 5.358941 23323 288.852357 300.555306 
0.025555 5000000 6 5.002066 13882 506.395256 517.686882 

 _______________ 32 _____ 512 ______4 ______________________





0.007600 515345 6 1.110780 6437 7.093730 8.390384 
0.009130 515345 6 1.075439 3456 12.010674 13.271137 
0.011334 515345 6 1.060603 1944 22.567476 23.813248 



0.005400 287999 6 0.877383 1614 1.234858 2.196543 
0.007020 287999 6 0.719064 577 2.063455 2.866616 
0.008358 287999 6 0.825894 308 3.361417 4.275301 



0.017030 5000000 6 5.105528 45078 120.199221 131.576935 
0.020780 5000000 6 5.360944 23323 231.078628 242.801778 
0.025555 5000000 6 5.320384 13882 415.012154 426.654006 

 _______________ 32 _____ 512 ______8 ______________________





0.007600 515345 6 1.394894 6437 8.928457 10.508146 
0.009130 515345 6 1.125370 3456 14.154629 15.460401 
0.011334 515345 6 1.346937 1944 25.058991 26.590975 



0.005400 287999 6 0.886179 1614 1.584464 2.559243 
0.007020 287999 6 0.841446 577 2.274743 3.198500 
0.008358 287999 6 0.773664 308 3.717173 4.573750 



0.017030 5000000 6 5.219865 45078 115.981890 127.438076 
0.020780 5000000 6 5.500311 23323 254.800577 266.643759 
0.025555 5000000 6 5.278953 13882 527.983077 539.531010 

 _______________ 32 _____ 1024 ______1 ______________________





0.007600 515345 6 1.271212 6437 5.973531 7.415713 
0.009130 515345 6 1.089425 3456 9.655417 10.885580 
0.011334 515345 6 1.453490 1944 16.835022 18.446245 



0.005400 287999 6 0.678565 1614 1.013864 1.762625 
0.007020 287999 6 0.729894 577 1.909636 2.709050 
0.008358 287999 6 0.859806 308 4.196295 5.133051 



0.017030 5000000 6 5.431974 45078 89.660924 98.636804 
0.020780 5000000 6 5.554498 23323 168.765276 177.849807 
0.025555 5000000 6 5.458941 13882 298.065650 307.051572 

 _______________ 32 _____ 1024 ______2 ______________________





0.007600 515345 6 1.330133 6437 5.328171 6.812189 
0.009130 515345 6 1.515550 3456 9.477035 11.145560 
0.011334 515345 6 1.574218 1944 17.428004 19.158135 



0.005400 287999 6 0.873614 1614 0.892663 1.837696 
0.007020 287999 6 0.846182 577 1.572273 2.495838 
0.008358 287999 6 0.851482 308 3.653955 4.588605 



0.017030 5000000 6 5.388788 45078 94.739001 103.658644 
0.020780 5000000 6 5.400695 23323 178.916199 187.858503 
0.025555 5000000 6 5.310672 13882 307.852870 316.703084 

 _______________ 32 _____ 1024 ______4 ______________________





0.007600 515345 6 1.440353 6437 6.476186 8.069304 
0.009130 515345 6 1.518755 3456 11.014846 12.684123 
0.011334 515345 6 1.120819 1944 20.310879 21.582609 



0.005400 287999 6 0.719484 1614 0.971904 1.763346 
0.007020 287999 6 0.658032 577 1.658325 2.386910 
0.008358 287999 6 0.841674 308 3.675236 4.594597 



0.017030 5000000 6 5.472136 45078 89.229353 98.256627 
0.020780 5000000 6 5.439920 23323 192.287471 201.269933 
0.025555 5000000 6 5.396959 13882 369.872126 378.818762 

 _______________ 32 _____ 1024 ______8 ______________________





0.007600 515345 6 1.291191 6437 8.768993 10.211516 
0.009130 515345 6 1.433928 3456 13.850953 15.446041 
0.011334 515345 6 1.080800 1944 23.806122 25.040506 



0.005400 287999 6 0.695053 1614 1.350520 2.117379 
0.007020 287999 6 0.865861 577 1.990530 2.930542 
0.008358 287999 6 0.858607 308 3.999979 4.935774 



0.017030 5000000 6 5.481221 45078 105.611774 114.628976 
0.020780 5000000 6 5.331089 23323 251.504189 260.382963 
0.025555 5000000 6 5.424483 13882 537.122684 546.067542 

 _______________ 64 _____ 512 ______1 ______________________





0.007600 515345 6 1.523166 6437 5.653852 7.330362 
0.009130 515345 6 1.542579 3456 9.261938 10.945719 
0.011334 515345 6 1.525007 1944 16.805646 18.487831 



0.005400 287999 6 0.597224 1614 1.019049 1.688711 
0.007020 287999 6 0.866499 577 1.961027 2.904927 
0.008358 287999 6 0.851426 308 4.299248 5.228343 



0.017030 5000000 6 5.541715 45078 89.407425 98.478852 
0.020780 5000000 6 5.428965 23323 169.652018 178.643849 
0.025555 5000000 6 5.538752 13882 295.332436 304.436779 

 _______________ 64 _____ 512 ______2 ______________________





0.007600 515345 6 1.492459 6437 5.327115 6.973448 
0.009130 515345 6 1.103224 3456 9.205690 10.449962 
0.011334 515345 6 1.525351 1944 17.399471 19.090885 



0.005400 287999 6 0.854681 1614 0.906322 1.839594 
0.007020 287999 6 0.843355 577 1.636600 2.557233 
0.008358 287999 6 0.886474 308 3.605293 4.575404 



0.017030 5000000 6 5.525511 45078 92.329825 101.398139 
0.020780 5000000 6 5.521715 23323 176.214700 185.269508 
0.025555 5000000 6 5.281757 13882 309.084110 317.914949 

 _______________ 64 _____ 512 ______4 ______________________





0.007600 515345 6 1.444300 6437 6.427042 8.026711 
0.009130 515345 6 1.550453 3456 10.964728 12.672880 
0.011334 515345 6 1.096009 1944 20.006644 21.245379 



0.005400 287999 6 0.670845 1614 0.987771 1.761021 
0.007020 287999 6 0.847962 577 1.624158 2.549652 
0.008358 287999 6 0.848927 308 3.622457 4.544926 



0.017030 5000000 6 5.459275 45078 88.538787 97.563258 
0.020780 5000000 6 5.396715 23323 191.496164 200.424042 
0.025555 5000000 6 5.415613 13882 366.958495 375.943012 

 _______________ 64 _____ 512 ______8 ______________________





0.007600 515345 6 1.491338 6437 8.807924 10.459865 
0.009130 515345 6 1.154963 3456 13.876975 15.184332 
0.011334 515345 6 1.075570 1944 24.267503 25.487799 



0.005400 287999 6 0.817792 1614 1.353457 2.244124 
0.007020 287999 6 0.874107 577 1.982513 2.934503 
0.008358 287999 6 0.872079 308 3.915701 4.865734 



0.017030 5000000 6 5.434263 45078 106.586169 115.572559 
0.020780 5000000 6 5.312071 23323 252.285137 261.160551 
0.025555 5000000 6 5.407610 13882 535.032318 543.964577 

 _______________ 64 _____ 1024 ______1 ______________________





0.007600 515345 6 1.104362 6437 4.596475 5.832781 
0.009130 515345 6 1.116813 3456 7.334319 8.583889 
0.011334 515345 6 1.522925 1944 14.377094 16.057107 



0.005400 287999 6 0.445338 1614 0.823968 1.336777 
0.007020 287999 6 0.835616 577 1.473719 2.375917 
0.008358 287999 6 0.647456 308 3.180559 3.894043 



0.017030 5000000 6 5.135201 45078 54.105060 61.447152 
0.020780 5000000 6 5.354587 23323 100.971518 108.502358 
0.025555 5000000 6 5.286419 13882 183.084699 190.566891 

 _______________ 64 _____ 1024 ______2 ______________________





0.007600 515345 6 1.530241 6437 4.869818 6.535914 
0.009130 515345 6 1.221690 3456 8.322895 9.681953 
0.011334 515345 6 1.245550 1944 16.639837 18.020719 



0.005400 287999 6 0.857342 1614 0.739185 1.671368 
0.007020 287999 6 0.868896 577 1.476746 2.416243 
0.008358 287999 6 0.856797 308 3.187951 4.119347 



0.017030 5000000 6 5.458642 45078 64.247897 71.908807 
0.020780 5000000 6 5.603174 23323 126.418817 134.252699 
0.025555 5000000 6 5.511412 13882 233.471709 241.175113 

 _______________ 64 _____ 1024 ______4 ______________________





0.007600 515345 6 1.548905 6437 6.236837 7.922996 
0.009130 515345 6 1.574786 3456 10.590373 12.300320 
0.011334 515345 6 1.084371 1944 20.343112 21.561299 



0.005400 287999 6 0.801096 1614 0.828512 1.697981 
0.007020 287999 6 0.863786 577 1.570511 2.506558 
0.008358 287999 6 0.873533 308 3.242249 4.189706 



0.017030 5000000 6 5.654130 45078 77.489252 85.340588 
0.020780 5000000 6 5.467157 23323 166.354175 174.053225 
0.025555 5000000 6 5.234598 13882 320.523814 327.955589 

 _______________ 64 _____ 1024 ______8 ______________________





0.007600 515345 6 1.259733 6437 8.681808 10.078743 
0.009130 515345 6 1.453805 3456 13.587087 15.171254 
0.011334 515345 6 1.533287 1944 24.343722 26.015660 



0.005400 287999 6 0.836794 1614 1.244182 2.148660 
0.007020 287999 6 0.860743 577 1.981849 2.910459 
0.008358 287999 6 0.568636 308 3.738183 4.373653 



0.017030 5000000 6 5.530069 45078 104.831498 112.594595 
0.020780 5000000 6 5.283113 23323 274.246274 281.726919 
0.025555 5000000 6 5.416840 13882 593.457244 601.058334 

 _______________ 128 _____ 512 ______1 ______________________





0.007600 515345 6 1.553275 6437 4.484004 6.178958 
0.009130 515345 6 1.155043 3456 6.932494 8.223081 
0.011334 515345 6 1.176585 1944 14.083605 15.379718 



0.005400 287999 6 0.855687 1614 0.803975 1.728923 
0.007020 287999 6 0.860544 577 1.527013 2.462196 
0.008358 287999 6 0.676579 308 3.225554 3.969757 



0.017030 5000000 6 5.724755 45078 53.906967 61.827581 
0.020780 5000000 6 5.250302 23323 102.945230 110.420231 
0.025555 5000000 6 5.351984 13882 181.042622 188.615335 

 _______________ 128 _____ 512 ______2 ______________________





0.007600 515345 6 1.503373 6437 4.681140 6.322618 
0.009130 515345 6 1.424564 3456 8.113763 9.672561 
0.011334 515345 6 1.223683 1944 16.166131 17.511775 



0.005400 287999 6 0.934932 1614 0.724521 1.734013 
0.007020 287999 6 0.842356 577 1.491781 2.406957 
0.008358 287999 6 0.885503 308 3.037498 3.995867 



0.017030 5000000 6 5.541308 45078 61.180014 68.935896 
0.020780 5000000 6 5.591773 23323 121.743896 129.518531 
0.025555 5000000 6 5.342322 13882 228.824472 236.343567 

 _______________ 128 _____ 512 ______4 ______________________





0.007600 515345 6 1.474013 6437 6.173033 7.792109 
0.009130 515345 6 1.504434 3456 10.487295 12.130248 
0.011334 515345 6 1.126742 1944 20.155582 21.404761 



0.005400 287999 6 0.859298 1614 0.827325 1.761370 
0.007020 287999 6 0.864017 577 1.563405 2.495379 
0.008358 287999 6 0.828659 308 3.312670 4.209119 



0.017030 5000000 6 5.341875 45078 75.156449 82.721490 
0.020780 5000000 6 5.484802 23323 162.862247 170.541055 
0.025555 5000000 6 5.529332 13882 317.181750 324.883162 

 _______________ 128 _____ 512 ______8 ______________________





0.007600 515345 6 1.366757 6437 8.704095 10.223923 
0.009130 515345 6 1.538640 3456 13.743095 15.421527 
0.011334 515345 6 1.491403 1944 24.668603 26.284915 



0.005400 287999 6 0.523885 1614 1.275934 1.868149 
0.007020 287999 6 0.592446 577 1.983304 2.643872 
0.008358 287999 6 0.619404 308 3.770486 4.457867 



0.017030 5000000 6 5.453741 45078 104.808907 112.443543 
0.020780 5000000 6 5.053236 23323 273.722647 280.954885 
0.025555 5000000 6 5.281525 13882 590.603988 598.098644 

 _______________ 128 _____ 1024 ______1 ______________________





0.007600 515345 6 1.359284 6437 3.897260 5.383638 
0.009130 515345 6 1.152985 3456 6.488744 7.767094 
0.011334 515345 6 1.342674 1944 12.703452 14.179395 



0.005400 287999 6 0.894754 1614 0.686530 1.652841 
0.007020 287999 6 0.880391 577 1.355228 2.307360 
0.008358 287999 6 0.873903 308 3.063878 5.213115 



0.017030 5000000 6 5.660775 45078 38.245854 45.459948 
0.020780 5000000 6 5.559475 23323 76.303521 83.410551 
0.025555 5000000 6 5.472255 13882 143.363320 150.375139 

 _______________ 128 _____ 1024 ______2 ______________________





0.007600 515345 6 1.523114 6437 4.497980 6.154088 
0.009130 515345 6 1.504594 3456 7.708181 9.500042 
0.011334 515345 6 1.124341 1944 15.392069 16.633677 



0.005400 287999 6 0.882081 1614 0.628368 1.584268 
0.007020 287999 6 0.875451 577 1.345872 2.292833 
0.008358 287999 6 0.880076 308 2.983586 3.941399 



0.017030 5000000 6 5.393857 45078 49.343531 56.281109 
0.020780 5000000 6 5.516704 23323 100.584196 107.639709 
0.025555 5000000 6 5.557509 13882 187.381898 194.512941 

 _______________ 128 _____ 1024 ______4 ______________________





0.007600 515345 6 1.159915 6437 5.957990 7.243998 
0.009130 515345 6 1.132622 3456 10.197700 11.450321 
0.011334 515345 6 1.569125 1944 19.394010 21.083358 



0.005400 287999 6 0.756390 1614 0.781653 1.605758 
0.007020 287999 6 0.872289 577 1.565208 2.510723 
0.008358 287999 6 0.885751 308 3.243439 4.207388 



0.017030 5000000 6 5.328946 45078 70.076424 76.855427 
0.020780 5000000 6 5.418766 23323 154.018288 160.978783 
0.025555 5000000 6 5.490321 13882 302.914091 309.927033 

 _______________ 128 _____ 1024 ______8 ______________________





0.007600 515345 6 1.596859 6437 8.568367 10.302170 
0.009130 515345 6 1.158832 3456 13.494549 14.776838 
0.011334 515345 6 1.506907 1944 24.088400 25.717506 



0.005400 287999 6 0.861455 1614 1.190962 2.124928 
0.007020 287999 6 0.855660 577 1.954224 2.878757 
0.008358 287999 6 0.754285 308 3.817166 4.636858 



0.017030 5000000 6 5.501441 45078 105.066828 112.118469 
0.020780 5000000 6 5.498613 23323 289.001961 296.071484 
0.025555 5000000 6 5.379954 13882 648.064113 654.984004 

 _______________ 256 _____ 512 ______1 ______________________





0.007600 515345 6 1.191143 6437 3.872436 5.326030 
0.009130 515345 6 1.534042 3456 6.299341 7.963422 
0.011334 515345 6 1.475430 1944 12.274521 13.877145 



0.005400 287999 6 0.866934 1614 0.708286 1.647009 
0.007020 287999 6 0.902190 577 1.392707 2.366145 
0.008358 287999 6 0.844891 308 3.131196 4.047719 



0.017030 5000000 6 5.582273 45078 38.763895 45.885601 
0.020780 5000000 6 5.629491 23323 76.786848 83.943806 
0.025555 5000000 6 5.435992 13882 143.959697 150.932332 

 _______________ 256 _____ 512 ______2 ______________________





0.007600 515345 6 1.294598 6437 4.355454 5.783742 
0.009130 515345 6 1.300573 3456 7.381813 8.809020 
0.011334 515345 6 1.520599 1944 14.713004 16.359394 



0.005400 287999 6 0.672511 1614 0.648140 1.386682 
0.007020 287999 6 0.855356 577 1.359486 2.287105 
0.008358 287999 6 0.658515 308 3.054596 3.779154 



0.017030 5000000 6 5.412356 45078 48.217163 55.171016 
0.020780 5000000 6 5.461350 23323 98.777585 105.811840 
0.025555 5000000 6 5.495003 13882 184.789252 191.846707 

 _______________ 256 _____ 512 ______4 ______________________





0.007600 515345 6 1.535769 6437 5.699845 7.363764 
0.009130 515345 6 1.574998 3456 9.797832 11.505984 
0.011334 515345 6 1.142027 1944 18.862116 20.403154 



0.005400 287999 6 0.857089 1614 0.772143 1.701337 
0.007020 287999 6 0.515801 577 1.551998 2.134076 
0.008358 287999 6 0.888700 308 3.238966 4.199320 



0.017030 5000000 6 5.541766 45078 65.480171 72.560248 
0.020780 5000000 6 5.561006 23323 146.871844 153.993774 
0.025555 5000000 6 5.512401 13882 290.665158 297.744920 

 _______________ 256 _____ 512 ______8 ______________________





0.007600 515345 6 1.353383 6437 8.304114 9.787625 
0.009130 515345 6 1.254572 3456 13.078094 14.460579 
0.011334 515345 6 1.187003 1944 23.733115 25.046719 



0.005400 287999 6 0.771385 1614 1.193923 2.031754 
0.007020 287999 6 0.892663 577 1.948250 2.913094 
0.008358 287999 6 0.872924 308 3.801513 4.747347 



0.017030 5000000 6 5.537023 45078 106.335526 113.426083 
0.020780 5000000 6 5.520261 23323 289.497935 296.573589 
0.025555 5000000 6 5.542561 13882 646.104905 653.186360 

 _______________ 256 _____ 1024 ______1 ______________________





0.007600 515345 6 1.432539 6437 3.652265 5.207750 
0.009130 515345 6 1.508321 3456 5.877840 7.508421 
0.011334 515345 6 1.533536 1944 main: src/launcher.cu:3797: neighborTable* launchCOSS(unsigned int**, unsigned int, unsigned int**, unsigned int, unsigned int*, unsigned int*, double*, unsigned int, double, unsigned int*): Assertion `cudaSuccess == cudaMemcpyAsync(&keyValueIndex[i], &d_keyValueIndex[i], sizeof(unsigned long long ), cudaMemcpyDeviceToHost, stream[tid])' failed.




0.005400 287999 6 0.872247 1614 0.614599 1.552285 
0.007020 287999 6 0.843148 577 1.397644 2.310588 
0.008358 287999 6 0.783752 308 3.185009 4.035312 



0.017030 5000000 6 5.499458 45078 31.384034 38.073404 
0.020780 5000000 6 5.435452 23323 64.509156 71.074054 
0.025555 5000000 6 5.385774 13882 121.955306 128.484801 

 _______________ 256 _____ 1024 ______2 ______________________





0.007600 515345 6 1.566830 6437 4.205448 5.895385 
0.009130 515345 6 1.549998 3456 7.111684 8.787291 
0.011334 515345 6 1.592675 1944 main: src/launcher.cu:3797: neighborTable* launchCOSS(unsigned int**, unsigned int, unsigned int**, unsigned int, unsigned int*, unsigned int*, double*, unsigned int, double, unsigned int*): Assertion `cudaSuccess == cudaMemcpyAsync(&keyValueIndex[i], &d_keyValueIndex[i], sizeof(unsigned long long ), cudaMemcpyDeviceToHost, stream[tid])' failed.




0.005400 287999 6 0.539294 1614 0.597629 1.201417 
0.007020 287999 6 0.850768 577 1.432054 2.353123 
0.008358 287999 6 0.811472 308 3.226298 4.102118 



0.017030 5000000 6 5.548302 45078 41.332311 48.016073 
0.020780 5000000 6 5.515423 23323 88.117850 94.778809 
0.025555 5000000 6 5.257955 13882 167.814639 174.198881 

 _______________ 256 _____ 1024 ______4 ______________________





0.007600 515345 6 1.548084 6437 5.622135 7.292359 
0.009130 515345 6 1.527232 3456 9.671808 11.332715 
0.011334 515345 6 1.071265 1944 main: src/launcher.cu:3797: neighborTable* launchCOSS(unsigned int**, unsigned int, unsigned int**, unsigned int, unsigned int*, unsigned int*, double*, unsigned int, double, unsigned int*): Assertion `cudaSuccess == cudaMemcpyAsync(&keyValueIndex[i], &d_keyValueIndex[i], sizeof(unsigned long long ), cudaMemcpyDeviceToHost, stream[tid])' failed.




0.005400 287999 6 0.872281 1614 0.721387 1.666357 
0.007020 287999 6 0.849437 577 1.618474 2.531440 
0.008358 287999 6 0.831617 308 3.594372 4.496268 



0.017030 5000000 6 5.333618 45078 63.260143 69.725411 
0.020780 5000000 6 5.356491 23323 144.063175 150.453482 
0.025555 5000000 6 5.661864 13882 288.479573 295.281618 

 _______________ 256 _____ 1024 ______8 ______________________





0.007600 515345 6 1.536823 6437 8.268690 9.937174 
0.009130 515345 6 1.164407 3456 12.986071 14.273904 
0.011334 515345 6 1.112024 1944 main: src/launcher.cu:3797: neighborTable* launchCOSS(unsigned int**, unsigned int, unsigned int**, unsigned int, unsigned int*, unsigned int*, double*, unsigned int, double, unsigned int*): Assertion `cudaSuccess == cudaMemcpyAsync(&keyValueIndex[i], &d_keyValueIndex[i], sizeof(unsigned long long ), cudaMemcpyDeviceToHost, stream[tid])' failed.




0.005400 287999 6 0.579420 1614 1.191766 1.835381 
0.007020 287999 6 0.901497 577 2.015369 2.987760 
0.008358 287999 6 0.865137 308 4.119734 5.049454 



0.017030 5000000 6 5.759101 45078 105.788545 112.709147 
0.020780 5000000 6 5.455422 23323 300.901448 307.510258 
0.025555 5000000 6 5.517184 13882 679.115341 685.789188 
